0 9 9 6 9 9 3 8 7 6 9 4 1 3 3 9 7 5 3 9
8 0 5 9 8 4 8 4 4 8 9 4 6 3 1 4 5 8 2 9
1 8 0 1 8 1 1 5 6 9 6 2 8 7 5 6 5 4 4 8
1 4 5 0 8 7 7 6 7 3 9 2 3 4 6 2 9 7 3 6
5 6 5 4 0 8 6 3 4 1 5 9 1 3 2 8 7 3 9 1
6 4 6 3 6 0 3 7 1 3 9 4 1 4 4 8 3 8 3 8
6 3 3 2 7 5 0 4 7 3 9 2 7 9 5 7 3 1 7 2
6 3 9 6 9 5 6 0 3 4 4 8 1 7 7 3 4 4 3 9
4 3 5 7 8 3 7 9 0 2 1 6 8 4 5 8 2 7 6 6
7 5 7 8 4 3 3 2 2 0 4 2 3 8 3 8 9 2 6 7
1 1 4 2 9 6 6 1 4 9 0 2 2 9 8 6 9 8 8 1
3 7 9 7 9 9 6 1 5 8 2 0 5 3 5 9 4 4 9 8
3 3 2 4 2 5 3 5 6 7 3 7 0 7 3 1 4 1 7 4
7 2 5 8 7 4 7 8 4 1 3 4 4 0 3 4 7 9 5 6
9 4 6 2 8 1 9 6 2 1 3 1 4 5 0 7 6 4 1 6
8 7 7 3 7 3 9 2 5 6 2 4 3 9 4 0 1 8 8 3
9 8 2 4 7 8 6 4 8 2 8 8 9 2 7 8 0 3 6 4
9 1 6 1 9 8 5 8 8 3 9 3 9 4 9 1 5 0 9 8
2 4 3 5 6 1 5 9 2 7 1 2 9 1 6 6 8 7 0 9
2 9 3 7 4 9 7 2 6 7 3 8 1 5 7 2 5 3 8 0